epoch i trainacc pubtacc priacc loss
0 1 0.24609375  0.23307291666666666 0.23307291666666666 1.9450896
0 2 0.27734375  0.23307291666666666 0.23307291666666666 1.9318118
0 3 0.19921875  0.23307291666666666 0.23307291666666666 1.9101985
0 4 0.21484375  0.15807291666666667 0.15807291666666667 1.8519697
0 5 0.18359375  0.15807291666666667 0.15807291666666667 1.836127
0 6 0.1484375  0.23307291666666666 0.23307291666666666 1.8385909
0 7 0.28515625  0.23307291666666666 0.23307291666666666 1.8366796
0 8 0.25  0.23307291666666666 0.23307291666666666 1.8459692
0 9 0.28515625  0.23307291666666666 0.23307291666666666 1.8021495
0 10 0.24609375  0.23307291666666666 0.23307291666666666 1.8074868
0 11 0.25390625  0.23307291666666666 0.23307291666666666 1.8100244
0 12 0.265625  0.23307291666666666 0.23307291666666666 1.7891505
0 13 0.265625  0.23307291666666666 0.23307291666666666 1.8058472
0 14 0.28125  0.23307291666666666 0.23307291666666666 1.8238628
0 15 0.2421875  0.23307291666666666 0.23307291666666666 1.8183665
0 16 0.30859375  0.23307291666666666 0.23307291666666666 1.8045652
0 17 0.29296875  0.23307291666666666 0.23307291666666666 1.8100944
0 18 0.296875  0.23307291666666666 0.23307291666666666 1.7742476
0 19 0.25390625  0.23307291666666666 0.23307291666666666 1.8059912
0 20 0.26171875  0.23307291666666666 0.23307291666666666 1.7935842
0 21 0.23828125  0.23307291666666666 0.23307291666666666 1.7914345
0 22 0.27734375  0.23307291666666666 0.23307291666666666 1.7710558
0 23 0.28125  0.23307291666666666 0.23307291666666666 1.8060355
0 24 0.2734375  0.23307291666666666 0.23307291666666666 1.8182155
0 25 0.26171875  0.23307291666666666 0.23307291666666666 1.8144822
0 26 0.26171875  0.23307291666666666 0.23307291666666666 1.7958101
0 27 0.2734375  0.23307291666666666 0.23307291666666666 1.8133367
0 28 0.265625  0.23307291666666666 0.23307291666666666 1.798552
0 29 0.28125  0.23307291666666666 0.23307291666666666 1.7830923
0 30 0.265625  0.23307291666666666 0.23307291666666666 1.8294559
0 31 0.2578125  0.23307291666666666 0.23307291666666666 1.809425
0 32 0.23828125  0.23307291666666666 0.23307291666666666 1.8132119
0 33 0.328125  0.23307291666666666 0.23307291666666666 1.7839094
0 34 0.26953125  0.23307291666666666 0.23307291666666666 1.8047221
0 35 0.25  0.23307291666666666 0.23307291666666666 1.7934163
0 36 0.265625  0.23307291666666666 0.23307291666666666 1.7973958
0 37 0.25390625  0.23307291666666666 0.23307291666666666 1.7824167
0 38 0.265625  0.23307291666666666 0.23307291666666666 1.783308
0 39 0.23046875  0.23307291666666666 0.23307291666666666 1.8347675
0 40 0.3046875  0.23307291666666666 0.23307291666666666 1.7808315
0 41 0.2734375  0.23307291666666666 0.23307291666666666 1.818905
0 42 0.3125  0.23307291666666666 0.23307291666666666 1.7776428
0 43 0.2890625  0.23307291666666666 0.23307291666666666 1.7644137
0 44 0.296875  0.23307291666666666 0.23307291666666666 1.8118786
0 45 0.265625  0.23307291666666666 0.23307291666666666 1.8282152
0 46 0.296875  0.23307291666666666 0.23307291666666666 1.7679843
0 47 0.25  0.23307291666666666 0.23307291666666666 1.8124744
0 48 0.2890625  0.23307291666666666 0.23307291666666666 1.8021567
0 49 0.24609375  0.23307291666666666 0.23307291666666666 1.8064551
0 50 0.25390625  0.23307291666666666 0.23307291666666666 1.7766669
0 51 0.265625  0.23307291666666666 0.23307291666666666 1.8017544
0 52 0.25  0.23307291666666666 0.23307291666666666 1.7788292
0 53 0.19921875  0.23307291666666666 0.23307291666666666 1.8475304
0 54 0.2421875  0.23307291666666666 0.23307291666666666 1.8526492
0 55 0.28515625  0.23307291666666666 0.23307291666666666 1.8069023
0 56 0.3203125  0.23307291666666666 0.23307291666666666 1.7890886
0 57 0.26171875  0.23307291666666666 0.23307291666666666 1.8001518
0 58 0.234375  0.23307291666666666 0.23307291666666666 1.8138067
0 59 0.27734375  0.23307291666666666 0.23307291666666666 1.7710006
0 60 0.3046875  0.23307291666666666 0.23307291666666666 1.776854
0 61 0.25  0.23307291666666666 0.23307291666666666 1.7711143
0 62 0.234375  0.23307291666666666 0.23307291666666666 1.8375927
0 63 0.203125  0.23307291666666666 0.23307291666666666 1.8212322
0 64 0.27734375  0.23333333333333334 0.23333333333333334 1.816404
0 65 0.3046875  0.23333333333333334 0.23333333333333334 1.7441995
0 66 0.2578125  0.23333333333333334 0.23333333333333334 1.7468202
0 67 0.234375  0.24088541666666666 0.24088541666666666 1.7843529
0 68 0.26953125  0.25703125 0.25703125 1.7033892
0 69 0.25390625  0.2908854166666667 0.2908854166666667 1.8282841
0 70 0.32421875  0.27838541666666666 0.27838541666666666 1.753398
0 71 0.26171875  0.27578125 0.27578125 1.7571173
0 72 0.3046875  0.2513020833333333 0.2513020833333333 1.7141266
0 73 0.33984375  0.2765625 0.2765625 1.713877
0 74 0.3125  0.2916666666666667 0.2916666666666667 1.7334315
0 75 0.359375  0.278125 0.278125 1.6777227
0 76 0.31640625  0.290625 0.290625 1.7272309
0 77 0.32421875  0.28984375 0.28984375 1.7713811
0 78 0.30078125  0.2911458333333333 0.2911458333333333 1.7110131
0 79 0.29296875  0.26614583333333336 0.26614583333333336 1.7694452
0 80 0.328125  0.24296875 0.24296875 1.705917
0 81 0.26171875  0.2747395833333333 0.2747395833333333 1.7707956
0 82 0.3515625  0.28125 0.28125 1.713945
0 83 0.3046875  0.2828125 0.2828125 1.6927633
0 84 0.31640625  0.29244791666666664 0.29244791666666664 1.6663786
0 85 0.33984375  0.30755208333333334 0.30755208333333334 1.6687407
0 86 0.3828125  0.3046875 0.3046875 1.660059
0 87 0.31640625  0.3020833333333333 0.3020833333333333 1.7098315
0 88 0.3046875  0.2908854166666667 0.2908854166666667 1.710669
0 89 0.359375  0.2796875 0.2796875 1.6391251
0 90 0.27734375  0.2869791666666667 0.2869791666666667 1.7519103
0 91 0.31640625  0.2890625 0.2890625 1.7160509
0 92 0.3046875  0.2872395833333333 0.2872395833333333 1.6840771
0 93 0.29296875  0.2989583333333333 0.2989583333333333 1.8060828
0 94 0.32421875  0.29453125 0.29453125 1.7226449
0 95 0.3125  0.29296875 0.29296875 1.7090293
0 96 0.328125  0.2981770833333333 0.2981770833333333 1.6733202
0 97 0.3203125  0.31328125 0.31328125 1.7229129
0 98 0.375  0.3138020833333333 0.3138020833333333 1.696822
0 99 0.36328125  0.31744791666666666 0.31744791666666666 1.7015047
0 100 0.35546875  0.32057291666666665 0.32057291666666665 1.6755973
0 101 0.38671875  0.32265625 0.32265625 1.589237
0 102 0.36328125  0.32473958333333336 0.32473958333333336 1.5874162
0 103 0.38671875  0.32734375 0.32734375 1.6163126
0 104 0.33203125  0.3255208333333333 0.3255208333333333 1.6507531
0 105 0.37890625  0.31953125 0.31953125 1.6340355
0 106 0.4296875  0.30416666666666664 0.30416666666666664 1.5296609
0 107 0.3203125  0.32473958333333336 0.32473958333333336 1.7222168
0 108 0.33203125  0.33541666666666664 0.33541666666666664 1.6459647
0 109 0.37890625  0.3346354166666667 0.3346354166666667 1.6155944
0 110 0.41796875  0.3234375 0.3234375 1.5745398
0 111 0.390625  0.3229166666666667 0.3229166666666667 1.607599
0 112 0.390625  0.31927083333333334 0.31927083333333334 1.5286641
0 113 0.29296875  0.3268229166666667 0.3268229166666667 1.7668087
0 114 0.40234375  0.3380208333333333 0.3380208333333333 1.6435989
0 115 0.4609375  0.33125 0.33125 1.5723784
0 116 0.3828125  0.3302083333333333 0.3302083333333333 1.6813452
0 117 0.36328125  0.32447916666666665 0.32447916666666665 1.679976
0 118 0.375  0.3260416666666667 0.3260416666666667 1.5907953
0 119 0.3671875  0.32057291666666665 0.32057291666666665 1.5995727
0 120 0.359375  0.3171875 0.3171875 1.6576593
0 121 0.36328125  0.3143229166666667 0.3143229166666667 1.6396322
0 122 0.30078125  0.3203125 0.3203125 1.688305
0 123 0.40625  0.32083333333333336 0.32083333333333336 1.5749894
0 124 0.3515625  0.32317708333333334 0.32317708333333334 1.687054
0 125 0.34375  0.3223958333333333 0.3223958333333333 1.6158643
0 126 0.3828125  0.32057291666666665 0.32057291666666665 1.5710005
0 127 0.33203125  0.32395833333333335 0.32395833333333335 1.693886
0 128 0.3515625  0.33125 0.33125 1.6308957
0 129 0.390625  0.3419270833333333 0.3419270833333333 1.6225846
0 130 0.3515625  0.34479166666666666 0.34479166666666666 1.6445009
0 131 0.35546875  0.3484375 0.3484375 1.6001018
0 132 0.359375  0.35 0.35 1.6336619
0 133 0.35546875  0.3494791666666667 0.3494791666666667 1.6090473
0 134 0.359375  0.3380208333333333 0.3380208333333333 1.6116109
0 135 0.36328125  0.346875 0.346875 1.5880882
0 136 0.3828125  0.34765625 0.34765625 1.5611941
0 137 0.4375  0.35 0.35 1.4977444
0 138 0.38671875  0.35208333333333336 0.35208333333333336 1.5539763
0 139 0.44140625  0.3372395833333333 0.3372395833333333 1.5687088
0 140 0.33984375  0.34036458333333336 0.34036458333333336 1.6436533
0 141 0.37109375  0.35 0.35 1.6060481
0 142 0.4296875  0.3502604166666667 0.3502604166666667 1.4981494
0 143 0.36328125  0.3541666666666667 0.3541666666666667 1.7607064
0 144 0.41015625  0.35 0.35 1.508541
0 145 0.41015625  0.3502604166666667 0.3502604166666667 1.5780414
0 146 0.4296875  0.35546875 0.35546875 1.5638614
0 147 0.37109375  0.35703125 0.35703125 1.59377
0 148 0.36328125  0.3541666666666667 0.3541666666666667 1.6033461
0 149 0.45703125  0.35260416666666666 0.35260416666666666 1.491567
0 150 0.44140625  0.35182291666666665 0.35182291666666665 1.5254099
0 151 0.41015625  0.3458333333333333 0.3458333333333333 1.5526226
0 152 0.30078125  0.3489583333333333 0.3489583333333333 1.649405
0 153 0.33984375  0.3494791666666667 0.3494791666666667 1.639458
0 154 0.41015625  0.35130208333333335 0.35130208333333335 1.4902809
0 155 0.4140625  0.3489583333333333 0.3489583333333333 1.5195961
0 156 0.375  0.35182291666666665 0.35182291666666665 1.6186883
0 157 0.421875  0.35130208333333335 0.35130208333333335 1.5494932
0 158 0.453125  0.346875 0.346875 1.4897289
0 159 0.375  0.34921875 0.34921875 1.5337946
0 160 0.4375  0.35520833333333335 0.35520833333333335 1.4722282
0 161 0.38671875  0.35703125 0.35703125 1.6324817
0 162 0.4140625  0.35234375 0.35234375 1.5314171
0 163 0.28515625  0.35208333333333336 0.35208333333333336 1.5932554
